{"metadata":{"kernelspec":{"language":"python","display_name":"Python 3","name":"python3"},"language_info":{"name":"python","version":"3.10.13","mimetype":"text/x-python","codemirror_mode":{"name":"ipython","version":3},"pygments_lexer":"ipython3","nbconvert_exporter":"python","file_extension":".py"},"kaggle":{"accelerator":"none","dataSources":[{"sourceId":8658087,"sourceType":"datasetVersion","datasetId":4910211}],"dockerImageVersionId":30732,"isInternetEnabled":true,"language":"python","sourceType":"notebook","isGpuEnabled":false}},"nbformat_minor":4,"nbformat":4,"cells":[{"source":"<a href=\"https://www.kaggle.com/code/faizanaliabdulali/skeleton-matching?scriptVersionId=183301116\" target=\"_blank\"><img align=\"left\" alt=\"Kaggle\" title=\"Open in Kaggle\" src=\"https://kaggle.com/static/images/open-in-kaggle.svg\"></a>","metadata":{},"cell_type":"markdown"},{"cell_type":"markdown","source":"## Imports","metadata":{}},{"cell_type":"code","source":"!pip install rembg==2.0.56 -q","metadata":{"execution":{"iopub.status.busy":"2024-06-13T11:20:05.919819Z","iopub.execute_input":"2024-06-13T11:20:05.920881Z","iopub.status.idle":"2024-06-13T11:20:18.312356Z","shell.execute_reply.started":"2024-06-13T11:20:05.920843Z","shell.execute_reply":"2024-06-13T11:20:18.310251Z"},"trusted":true},"execution_count":61,"outputs":[]},{"cell_type":"code","source":"import os\nimport cv2\nimport math\nimport numpy as np\nimport pandas as pd\nfrom tqdm import tqdm\nfrom PIL import Image\nimport matplotlib.pyplot as plt\nfrom rembg import new_session, remove\nfrom sklearn.metrics.pairwise import cosine_similarity","metadata":{"_uuid":"8f2839f25d086af736a60e9eeb907d3b93b6e0e5","_cell_guid":"b1076dfc-b9ad-4769-8c92-a6c4dae69d19","execution":{"iopub.status.busy":"2024-06-13T11:20:18.316519Z","iopub.execute_input":"2024-06-13T11:20:18.317055Z","iopub.status.idle":"2024-06-13T11:20:18.327018Z","shell.execute_reply.started":"2024-06-13T11:20:18.317012Z","shell.execute_reply":"2024-06-13T11:20:18.325756Z"},"trusted":true},"execution_count":62,"outputs":[]},{"cell_type":"markdown","source":"## Image Pipeline","metadata":{}},{"cell_type":"code","source":"def plot_image(image, cmap=\"gray\"):\n    \"\"\"Display an image using matplotlib\"\"\"\n    plt.imshow(image, cmap)\n    plt.axis('on')\n    plt.show()\n\nclass ImageProcessor:\n    \"\"\"Processes images by removing backgrounds, enhancing contrast, and aligning them\"\"\"\n\n    def __init__(self, model_name=\"isnet-general-use\"):\n        self.session = new_session(model_name)\n\n    def contrast_using_dynamic_gamma(self, image):\n        \"\"\"Adjusts image contrast based on mean intensity\"\"\"\n        mean_intensity = np.mean(image)\n        gamma = 2.5 if mean_intensity < 50 else 2.0 if mean_intensity < 100 else 1.5 if mean_intensity < 150 else 1.7 if mean_intensity < 200 else 0.5\n        table = np.array([(i / 255) ** (1 / gamma) * 255 for i in range(256)], dtype=\"uint8\")\n        return cv2.LUT(image, table), gamma\n\n    def get_grayed_image(self, image):\n        \"\"\"Converts image to grayscale and adjusts its contrast\"\"\"\n        gray_image = cv2.cvtColor(image, cv2.COLOR_BGR2GRAY)\n        return self.contrast_using_dynamic_gamma(gray_image)[0]\n\n    def remove_bg(self, input_img, only_mask=False):\n        \"\"\"Removes the background of the image using the model session\"\"\"\n        return remove(data=input_img, only_mask=only_mask, session=self.session)\n\n    def get_skeleton_and_contour(self, image):\n        \"\"\"Extracts the largest contour and creates a skeleton image\"\"\"\n        gray_mask = np.array(self.remove_bg(image, only_mask=True))\n        _, bin_mask = cv2.threshold(gray_mask, 127, 255, cv2.THRESH_BINARY)\n        contours, _ = cv2.findContours(bin_mask, cv2.RETR_EXTERNAL, cv2.CHAIN_APPROX_SIMPLE)\n        \n        largest_contour = max(contours, key=cv2.contourArea)\n        skeleton = np.zeros_like(image, dtype=np.uint8)\n        thickness = (skeleton.shape[0] + skeleton.shape[1]) // 200\n        cv2.drawContours(skeleton, [largest_contour], -1, 255, thickness)\n        \n        return skeleton, largest_contour\n\n    def straighten_and_crop(self, image, contour):\n        \"\"\"Crops the image to the bounding box of the largest contour and straightens it\"\"\"\n        x, y, w, h = cv2.boundingRect(contour)\n        cropped_image = image[y:y+h, x:x+w]\n\n        orientation = 'vertical' if h > w else 'horizontal'\n        points = {\n            'leftmost': tuple(contour[contour[:, :, 0].argmin()][0]),\n            'rightmost': tuple(contour[contour[:, :, 0].argmax()][0]),\n            'topmost': tuple(contour[contour[:, :, 1].argmin()][0]),\n            'bottommost': tuple(contour[contour[:, :, 1].argmax()][0])\n        }\n\n        if orientation == 'vertical':\n            center = ((points['leftmost'][0] + points['rightmost'][0]) // 2, \n                      (points['leftmost'][1] + points['rightmost'][1]) // 2)\n            endpoint = points['topmost']\n        else:\n            center = ((points['topmost'][0] + points['bottommost'][0]) // 2, \n                      (points['topmost'][1] + points['bottommost'][1]) // 2)\n            endpoint = points['rightmost']\n\n        angle = math.degrees(math.atan2(endpoint[1] - center[1], endpoint[0] - center[0]))\n        h, w = cropped_image.shape[:2]\n        new_w = int(h * abs(math.sin(math.radians(angle))) + w * abs(math.cos(math.radians(angle))))\n        new_h = int(h * abs(math.cos(math.radians(angle))) + w * abs(math.sin(math.radians(angle))))\n\n        M = cv2.getRotationMatrix2D((w // 2, h // 2), angle, 1.0)\n        M[0, 2] += (new_w / 2) - (w // 2)\n        M[1, 2] += (new_h / 2) - (h // 2)\n\n        return cv2.warpAffine(cropped_image, M, (new_w, new_h), flags=cv2.INTER_CUBIC, borderMode=cv2.BORDER_CONSTANT, borderValue=0)\n\n    def resize_with_padding(self, image):\n        \"\"\"Resizes the image to 256x256 with 12 pixels of padding\"\"\"\n        h, w = image.shape[:2]\n        size = max(h, w)\n        square_image = np.zeros((size, size), dtype=np.uint8)\n        if h > w:\n            offset = (h - w) // 2\n            square_image[:, offset:offset+w] = image\n        else:\n            offset = (w - h) // 2\n            square_image[offset:offset+h, :] = image\n\n        resized_image = cv2.resize(square_image, (232, 232))\n        return cv2.copyMakeBorder(resized_image, 12, 12, 12, 12, cv2.BORDER_CONSTANT, value=(0, 0, 0))\n    \n    def set_contour_thickness(self, binary_image, line_thickness):\n        \"\"\"Sets the thickness of the outlined object\"\"\"\n        contours, _ = cv2.findContours(binary_image, cv2.RETR_EXTERNAL, cv2.CHAIN_APPROX_SIMPLE)\n        largest_contour = max(contours, key=cv2.contourArea)\n\n        contour_image = np.zeros_like(binary_image)\n        cv2.drawContours(contour_image, [largest_contour], -1, 255, thickness=line_thickness)\n\n        return contour_image\n\n    def process(self, rgb_image):\n        \"\"\"Complete processing pipeline: graying, skeletonizing, straightening, cropping, resizing, and displaying the image\"\"\"\n        gray_image = self.get_grayed_image(np.array(rgb_image))\n        skeleton, largest_contour = self.get_skeleton_and_contour(gray_image)\n        straightened_cropped_image = self.straighten_and_crop(skeleton, largest_contour)\n        resized_image = self.resize_with_padding(straightened_cropped_image)\n        final_image = self.set_contour_thickness(resized_image, 2)\n        return final_image","metadata":{"execution":{"iopub.status.busy":"2024-06-13T11:20:18.329392Z","iopub.execute_input":"2024-06-13T11:20:18.329875Z","iopub.status.idle":"2024-06-13T11:20:18.367534Z","shell.execute_reply.started":"2024-06-13T11:20:18.329834Z","shell.execute_reply":"2024-06-13T11:20:18.365979Z"},"trusted":true},"execution_count":63,"outputs":[]},{"cell_type":"markdown","source":"## Loading and Processing","metadata":{}},{"cell_type":"code","source":"filepaths, images = [], []\nBASE_PATH = '/kaggle/input/key-images/'\n\n# for filename in os.listdir(BASE_PATH):\n#     if filename[0].isdigit():\n#         path = os.path.join(BASE_PATH, filename)\n#         filepaths.append(path)\n        \n# filepaths.sort()\n# filepaths = filepaths[9:]\n\n# [Case]: Real images filepaths\nfilepaths = [\n    f\"{BASE_PATH}dark-contrast/1717401672.png\",        # Key-2\n    f\"{BASE_PATH}dark-contrast/1717401055.png\",        # Key-1\n    f\"{BASE_PATH}non-white-background/1717759168.png\", # Key-1\n    f\"{BASE_PATH}dark-contrast/1717666406.png\",        # Key-5\n    f\"{BASE_PATH}dark-contrast/1717681430.png\",        # Key-5\n    f\"{BASE_PATH}dark-contrast/1717666433.png\",        # Key-3\n    f\"{BASE_PATH}dark-contrast/1717666074.png\",        # Key-3\n    f\"{BASE_PATH}dark-contrast/1717681361.png\",        # Key-3\n    f\"{BASE_PATH}dark-contrast/1717666108.png\",        # Key-4\n    f\"{BASE_PATH}dark-contrast/1717681457.png\",        # Key-4\n    f\"{BASE_PATH}dark-contrast/1717681630.png\",        # Key-4\n]\n\nfor filepath in filepaths:\n    images.append(cv2.imread(filepath))","metadata":{"execution":{"iopub.status.busy":"2024-06-13T11:20:18.369489Z","iopub.execute_input":"2024-06-13T11:20:18.369946Z","iopub.status.idle":"2024-06-13T11:20:18.896717Z","shell.execute_reply.started":"2024-06-13T11:20:18.369905Z","shell.execute_reply":"2024-06-13T11:20:18.895431Z"},"trusted":true},"execution_count":64,"outputs":[]},{"cell_type":"code","source":"processed = []\nprocessor = ImageProcessor()\n\nfor image in tqdm(images, desc='Processing images', unit='image'):\n    processed_image = processor.process(image)\n    processed.append(processed_image)","metadata":{"execution":{"iopub.status.busy":"2024-06-13T11:20:18.901202Z","iopub.execute_input":"2024-06-13T11:20:18.901671Z","iopub.status.idle":"2024-06-13T11:20:48.931166Z","shell.execute_reply.started":"2024-06-13T11:20:18.901639Z","shell.execute_reply":"2024-06-13T11:20:48.930015Z"},"trusted":true},"execution_count":65,"outputs":[{"name":"stderr","text":"Processing images: 100%|██████████| 11/11 [00:28<00:00,  2.64s/image]\n","output_type":"stream"}]},{"cell_type":"markdown","source":"","metadata":{}},{"cell_type":"markdown","source":"## Cosine Similarity","metadata":{}},{"cell_type":"code","source":"def plot_cosine_similarity_score(images_data, index_array):\n    num_images = len(images_data)\n    confusion_matrix = np.zeros((num_images, num_images))\n\n    for i in range(num_images):\n        for j in range(num_images):\n            flat_img1 = images_data[i].flatten().reshape(1, -1)\n            flat_img2 = images_data[j].flatten().reshape(1, -1)\n\n            cosine_sim = cosine_similarity(flat_img1, flat_img2)[0][0]\n            confusion_matrix[i, j] = cosine_sim\n\n    df_confusion_matrix = pd.DataFrame(confusion_matrix, \n                                       index=index_array, \n                                       columns=index_array)\n    return df_confusion_matrix\n\nindexes = [path.split('/')[-1] for path in filepaths]\n\nplot_cosine_similarity_score(processed, range(len(processed)))","metadata":{"execution":{"iopub.status.busy":"2024-06-13T11:20:48.932497Z","iopub.execute_input":"2024-06-13T11:20:48.932841Z","iopub.status.idle":"2024-06-13T11:20:49.142882Z","shell.execute_reply.started":"2024-06-13T11:20:48.932812Z","shell.execute_reply":"2024-06-13T11:20:49.14145Z"},"trusted":true},"execution_count":66,"outputs":[{"execution_count":66,"output_type":"execute_result","data":{"text/plain":"          0         1         2         3         4         5         6   \\\n0   1.000000  0.215361  0.320595  0.268910  0.116238  0.304873  0.365171   \n1   0.215361  1.000000  0.372722  0.142882  0.078921  0.176245  0.203567   \n2   0.320595  0.372722  1.000000  0.169071  0.129979  0.344628  0.375990   \n3   0.268910  0.142882  0.169071  1.000000  0.198385  0.199669  0.197201   \n4   0.116238  0.078921  0.129979  0.198385  1.000000  0.103996  0.075647   \n5   0.304873  0.176245  0.344628  0.199669  0.103996  1.000000  0.507390   \n6   0.365171  0.203567  0.375990  0.197201  0.075647  0.507390  1.000000   \n7   0.318333  0.124868  0.232708  0.170876  0.153523  0.397354  0.237445   \n8   0.328400  0.127998  0.271066  0.157659  0.147080  0.280153  0.205038   \n9   0.300900  0.147728  0.300115  0.148507  0.122273  0.470084  0.328609   \n10  0.207702  0.159147  0.272350  0.105034  0.152173  0.269850  0.190618   \n\n          7         8         9         10  \n0   0.318333  0.328400  0.300900  0.207702  \n1   0.124868  0.127998  0.147728  0.159147  \n2   0.232708  0.271066  0.300115  0.272350  \n3   0.170876  0.157659  0.148507  0.105034  \n4   0.153523  0.147080  0.122273  0.152173  \n5   0.397354  0.280153  0.470084  0.269850  \n6   0.237445  0.205038  0.328609  0.190618  \n7   1.000000  0.438491  0.472139  0.262736  \n8   0.438491  1.000000  0.607763  0.447276  \n9   0.472139  0.607763  1.000000  0.489401  \n10  0.262736  0.447276  0.489401  1.000000  ","text/html":"<div>\n<style scoped>\n    .dataframe tbody tr th:only-of-type {\n        vertical-align: middle;\n    }\n\n    .dataframe tbody tr th {\n        vertical-align: top;\n    }\n\n    .dataframe thead th {\n        text-align: right;\n    }\n</style>\n<table border=\"1\" class=\"dataframe\">\n  <thead>\n    <tr style=\"text-align: right;\">\n      <th></th>\n      <th>0</th>\n      <th>1</th>\n      <th>2</th>\n      <th>3</th>\n      <th>4</th>\n      <th>5</th>\n      <th>6</th>\n      <th>7</th>\n      <th>8</th>\n      <th>9</th>\n      <th>10</th>\n    </tr>\n  </thead>\n  <tbody>\n    <tr>\n      <th>0</th>\n      <td>1.000000</td>\n      <td>0.215361</td>\n      <td>0.320595</td>\n      <td>0.268910</td>\n      <td>0.116238</td>\n      <td>0.304873</td>\n      <td>0.365171</td>\n      <td>0.318333</td>\n      <td>0.328400</td>\n      <td>0.300900</td>\n      <td>0.207702</td>\n    </tr>\n    <tr>\n      <th>1</th>\n      <td>0.215361</td>\n      <td>1.000000</td>\n      <td>0.372722</td>\n      <td>0.142882</td>\n      <td>0.078921</td>\n      <td>0.176245</td>\n      <td>0.203567</td>\n      <td>0.124868</td>\n      <td>0.127998</td>\n      <td>0.147728</td>\n      <td>0.159147</td>\n    </tr>\n    <tr>\n      <th>2</th>\n      <td>0.320595</td>\n      <td>0.372722</td>\n      <td>1.000000</td>\n      <td>0.169071</td>\n      <td>0.129979</td>\n      <td>0.344628</td>\n      <td>0.375990</td>\n      <td>0.232708</td>\n      <td>0.271066</td>\n      <td>0.300115</td>\n      <td>0.272350</td>\n    </tr>\n    <tr>\n      <th>3</th>\n      <td>0.268910</td>\n      <td>0.142882</td>\n      <td>0.169071</td>\n      <td>1.000000</td>\n      <td>0.198385</td>\n      <td>0.199669</td>\n      <td>0.197201</td>\n      <td>0.170876</td>\n      <td>0.157659</td>\n      <td>0.148507</td>\n      <td>0.105034</td>\n    </tr>\n    <tr>\n      <th>4</th>\n      <td>0.116238</td>\n      <td>0.078921</td>\n      <td>0.129979</td>\n      <td>0.198385</td>\n      <td>1.000000</td>\n      <td>0.103996</td>\n      <td>0.075647</td>\n      <td>0.153523</td>\n      <td>0.147080</td>\n      <td>0.122273</td>\n      <td>0.152173</td>\n    </tr>\n    <tr>\n      <th>5</th>\n      <td>0.304873</td>\n      <td>0.176245</td>\n      <td>0.344628</td>\n      <td>0.199669</td>\n      <td>0.103996</td>\n      <td>1.000000</td>\n      <td>0.507390</td>\n      <td>0.397354</td>\n      <td>0.280153</td>\n      <td>0.470084</td>\n      <td>0.269850</td>\n    </tr>\n    <tr>\n      <th>6</th>\n      <td>0.365171</td>\n      <td>0.203567</td>\n      <td>0.375990</td>\n      <td>0.197201</td>\n      <td>0.075647</td>\n      <td>0.507390</td>\n      <td>1.000000</td>\n      <td>0.237445</td>\n      <td>0.205038</td>\n      <td>0.328609</td>\n      <td>0.190618</td>\n    </tr>\n    <tr>\n      <th>7</th>\n      <td>0.318333</td>\n      <td>0.124868</td>\n      <td>0.232708</td>\n      <td>0.170876</td>\n      <td>0.153523</td>\n      <td>0.397354</td>\n      <td>0.237445</td>\n      <td>1.000000</td>\n      <td>0.438491</td>\n      <td>0.472139</td>\n      <td>0.262736</td>\n    </tr>\n    <tr>\n      <th>8</th>\n      <td>0.328400</td>\n      <td>0.127998</td>\n      <td>0.271066</td>\n      <td>0.157659</td>\n      <td>0.147080</td>\n      <td>0.280153</td>\n      <td>0.205038</td>\n      <td>0.438491</td>\n      <td>1.000000</td>\n      <td>0.607763</td>\n      <td>0.447276</td>\n    </tr>\n    <tr>\n      <th>9</th>\n      <td>0.300900</td>\n      <td>0.147728</td>\n      <td>0.300115</td>\n      <td>0.148507</td>\n      <td>0.122273</td>\n      <td>0.470084</td>\n      <td>0.328609</td>\n      <td>0.472139</td>\n      <td>0.607763</td>\n      <td>1.000000</td>\n      <td>0.489401</td>\n    </tr>\n    <tr>\n      <th>10</th>\n      <td>0.207702</td>\n      <td>0.159147</td>\n      <td>0.272350</td>\n      <td>0.105034</td>\n      <td>0.152173</td>\n      <td>0.269850</td>\n      <td>0.190618</td>\n      <td>0.262736</td>\n      <td>0.447276</td>\n      <td>0.489401</td>\n      <td>1.000000</td>\n    </tr>\n  </tbody>\n</table>\n</div>"},"metadata":{}}]},{"cell_type":"markdown","source":"## Hu Moments","metadata":{}},{"cell_type":"code","source":"def plot_hu_moments_score(images_data, index_array):\n    num_images = len(images_data)\n    confusion_matrix = np.zeros((num_images, num_images))\n\n    for i in range(num_images):\n        for j in range(num_images):\n            \n             # Calculate moments\n            moments1 = cv2.moments(images_data[i])\n            moments2 = cv2.moments(images_data[j])\n\n            # Calculate Hu moments\n            huMoments1 = cv2.HuMoments(moments1).flatten()\n            huMoments2 = cv2.HuMoments(moments2).flatten()\n\n            # Compare Hu moments using Euclidean distance\n            distance = np.linalg.norm(huMoments1 - huMoments2)\n\n            confusion_matrix[i, j] = round(1 - distance, 4)\n\n    df_confusion_matrix = pd.DataFrame(confusion_matrix, \n                                       index=index_array, \n                                       columns=index_array)\n    return df_confusion_matrix\n\nindexes = [path.split('/')[-1] for path in filepaths]\n\nplot_hu_moments_score(processed, range(len(processed)))","metadata":{"execution":{"iopub.status.busy":"2024-06-13T11:20:49.145187Z","iopub.execute_input":"2024-06-13T11:20:49.146103Z","iopub.status.idle":"2024-06-13T11:20:49.215092Z","shell.execute_reply.started":"2024-06-13T11:20:49.146057Z","shell.execute_reply":"2024-06-13T11:20:49.213892Z"},"trusted":true},"execution_count":67,"outputs":[{"execution_count":67,"output_type":"execute_result","data":{"text/plain":"        0       1       2       3       4       5       6       7       8   \\\n0   1.0000  0.9996  0.9989  0.9992  1.0000  0.9993  0.9995  0.9992  0.9989   \n1   0.9996  1.0000  0.9992  0.9988  0.9996  0.9997  0.9999  0.9996  0.9993   \n2   0.9989  0.9992  1.0000  0.9981  0.9988  0.9995  0.9993  0.9997  0.9999   \n3   0.9992  0.9988  0.9981  1.0000  0.9992  0.9985  0.9987  0.9984  0.9981   \n4   1.0000  0.9996  0.9988  0.9992  1.0000  0.9993  0.9995  0.9991  0.9989   \n5   0.9993  0.9997  0.9995  0.9985  0.9993  1.0000  0.9998  0.9999  0.9996   \n6   0.9995  0.9999  0.9993  0.9987  0.9995  0.9998  1.0000  0.9997  0.9994   \n7   0.9992  0.9996  0.9997  0.9984  0.9991  0.9999  0.9997  1.0000  0.9997   \n8   0.9989  0.9993  0.9999  0.9981  0.9989  0.9996  0.9994  0.9997  1.0000   \n9   0.9989  0.9993  0.9999  0.9981  0.9989  0.9996  0.9994  0.9997  1.0000   \n10  0.9987  0.9990  0.9998  0.9979  0.9986  0.9993  0.9991  0.9995  0.9997   \n\n        9       10  \n0   0.9989  0.9987  \n1   0.9993  0.9990  \n2   0.9999  0.9998  \n3   0.9981  0.9979  \n4   0.9989  0.9986  \n5   0.9996  0.9993  \n6   0.9994  0.9991  \n7   0.9997  0.9995  \n8   1.0000  0.9997  \n9   1.0000  0.9997  \n10  0.9997  1.0000  ","text/html":"<div>\n<style scoped>\n    .dataframe tbody tr th:only-of-type {\n        vertical-align: middle;\n    }\n\n    .dataframe tbody tr th {\n        vertical-align: top;\n    }\n\n    .dataframe thead th {\n        text-align: right;\n    }\n</style>\n<table border=\"1\" class=\"dataframe\">\n  <thead>\n    <tr style=\"text-align: right;\">\n      <th></th>\n      <th>0</th>\n      <th>1</th>\n      <th>2</th>\n      <th>3</th>\n      <th>4</th>\n      <th>5</th>\n      <th>6</th>\n      <th>7</th>\n      <th>8</th>\n      <th>9</th>\n      <th>10</th>\n    </tr>\n  </thead>\n  <tbody>\n    <tr>\n      <th>0</th>\n      <td>1.0000</td>\n      <td>0.9996</td>\n      <td>0.9989</td>\n      <td>0.9992</td>\n      <td>1.0000</td>\n      <td>0.9993</td>\n      <td>0.9995</td>\n      <td>0.9992</td>\n      <td>0.9989</td>\n      <td>0.9989</td>\n      <td>0.9987</td>\n    </tr>\n    <tr>\n      <th>1</th>\n      <td>0.9996</td>\n      <td>1.0000</td>\n      <td>0.9992</td>\n      <td>0.9988</td>\n      <td>0.9996</td>\n      <td>0.9997</td>\n      <td>0.9999</td>\n      <td>0.9996</td>\n      <td>0.9993</td>\n      <td>0.9993</td>\n      <td>0.9990</td>\n    </tr>\n    <tr>\n      <th>2</th>\n      <td>0.9989</td>\n      <td>0.9992</td>\n      <td>1.0000</td>\n      <td>0.9981</td>\n      <td>0.9988</td>\n      <td>0.9995</td>\n      <td>0.9993</td>\n      <td>0.9997</td>\n      <td>0.9999</td>\n      <td>0.9999</td>\n      <td>0.9998</td>\n    </tr>\n    <tr>\n      <th>3</th>\n      <td>0.9992</td>\n      <td>0.9988</td>\n      <td>0.9981</td>\n      <td>1.0000</td>\n      <td>0.9992</td>\n      <td>0.9985</td>\n      <td>0.9987</td>\n      <td>0.9984</td>\n      <td>0.9981</td>\n      <td>0.9981</td>\n      <td>0.9979</td>\n    </tr>\n    <tr>\n      <th>4</th>\n      <td>1.0000</td>\n      <td>0.9996</td>\n      <td>0.9988</td>\n      <td>0.9992</td>\n      <td>1.0000</td>\n      <td>0.9993</td>\n      <td>0.9995</td>\n      <td>0.9991</td>\n      <td>0.9989</td>\n      <td>0.9989</td>\n      <td>0.9986</td>\n    </tr>\n    <tr>\n      <th>5</th>\n      <td>0.9993</td>\n      <td>0.9997</td>\n      <td>0.9995</td>\n      <td>0.9985</td>\n      <td>0.9993</td>\n      <td>1.0000</td>\n      <td>0.9998</td>\n      <td>0.9999</td>\n      <td>0.9996</td>\n      <td>0.9996</td>\n      <td>0.9993</td>\n    </tr>\n    <tr>\n      <th>6</th>\n      <td>0.9995</td>\n      <td>0.9999</td>\n      <td>0.9993</td>\n      <td>0.9987</td>\n      <td>0.9995</td>\n      <td>0.9998</td>\n      <td>1.0000</td>\n      <td>0.9997</td>\n      <td>0.9994</td>\n      <td>0.9994</td>\n      <td>0.9991</td>\n    </tr>\n    <tr>\n      <th>7</th>\n      <td>0.9992</td>\n      <td>0.9996</td>\n      <td>0.9997</td>\n      <td>0.9984</td>\n      <td>0.9991</td>\n      <td>0.9999</td>\n      <td>0.9997</td>\n      <td>1.0000</td>\n      <td>0.9997</td>\n      <td>0.9997</td>\n      <td>0.9995</td>\n    </tr>\n    <tr>\n      <th>8</th>\n      <td>0.9989</td>\n      <td>0.9993</td>\n      <td>0.9999</td>\n      <td>0.9981</td>\n      <td>0.9989</td>\n      <td>0.9996</td>\n      <td>0.9994</td>\n      <td>0.9997</td>\n      <td>1.0000</td>\n      <td>1.0000</td>\n      <td>0.9997</td>\n    </tr>\n    <tr>\n      <th>9</th>\n      <td>0.9989</td>\n      <td>0.9993</td>\n      <td>0.9999</td>\n      <td>0.9981</td>\n      <td>0.9989</td>\n      <td>0.9996</td>\n      <td>0.9994</td>\n      <td>0.9997</td>\n      <td>1.0000</td>\n      <td>1.0000</td>\n      <td>0.9997</td>\n    </tr>\n    <tr>\n      <th>10</th>\n      <td>0.9987</td>\n      <td>0.9990</td>\n      <td>0.9998</td>\n      <td>0.9979</td>\n      <td>0.9986</td>\n      <td>0.9993</td>\n      <td>0.9991</td>\n      <td>0.9995</td>\n      <td>0.9997</td>\n      <td>0.9997</td>\n      <td>1.0000</td>\n    </tr>\n  </tbody>\n</table>\n</div>"},"metadata":{}}]},{"cell_type":"markdown","source":"## Rotation Testing","metadata":{}},{"cell_type":"code","source":"# import math\n# import random\n\n# def random_rotate_image(image, rand_range):\n#     height, width = image.shape[:2]\n\n#     # Generate a random rotation angle between -30 and 30 degrees\n#     angle = random.uniform(-rand_range, rand_range)\n\n#     # Calculate the rotation matrix\n#     center = (width / 2, height / 2)\n#     rot_matrix = cv2.getRotationMatrix2D(center, angle, 1.0)\n\n#     # Calculate the sine and cosine of the rotation angle\n#     cos_angle = abs(rot_matrix[0, 0])\n#     sin_angle = abs(rot_matrix[0, 1])\n\n#     # Compute the new bounding box dimensions\n#     new_width = int((height * sin_angle) + (width * cos_angle))\n#     new_height = int((height * cos_angle) + (width * sin_angle))\n\n#     # Adjust the rotation matrix to take into account the translation\n#     rot_matrix[0, 2] += (new_width / 2) - center[0]\n#     rot_matrix[1, 2] += (new_height / 2) - center[1]\n\n#     # Perform the rotation\n#     rotated_img = cv2.warpAffine(image, rot_matrix, (new_width, new_height))\n\n#     # Calculate the coordinates for cropping to the original size\n#     x = (new_width - width) // 2\n#     y = (new_height - height) // 2\n#     cropped_img = rotated_img[y:y + height, x:x + width]\n\n#     # Save the output image\n#     return cropped_img\n\n# skewed_images = []\n\n# for image in skeletons:\n#     skewed = random_rotate_image(image, 5)\n#     skewed_images.append(skewed)\n#     plt_img(skewed, cmap=\"gray\")\n\n# def plot_skewed_cosine_similarity_score(images_data, index_array):\n#     num_images = len(images_data)\n#     confusion_matrix = np.zeros((num_images, num_images))\n\n#     for i in range(num_images):\n#         for j in range(num_images):\n#             flat_img1 = images_data[i].flatten().reshape(1, -1)\n#             flat_img2 = images_data[j].flatten().reshape(1, -1)\n\n#             cosine_sim = cosine_similarity(flat_img1, flat_img2)[0][0]\n\n#             confusion_matrix[i, j] = round(cosine_sim, 4)\n\n#     df_confusion_matrix = pd.DataFrame(confusion_matrix, \n#                                        index=index_array, \n#                                        columns=index_array)\n#     return df_confusion_matrix\n\n# indexes = [path.split('/')[-1] for path in filepaths]\n\n# plot_cosine_similarity_score(skewed_images, indexes)","metadata":{"jupyter":{"source_hidden":true},"execution":{"iopub.status.busy":"2024-06-13T11:20:49.217109Z","iopub.execute_input":"2024-06-13T11:20:49.217932Z","iopub.status.idle":"2024-06-13T11:20:49.226146Z","shell.execute_reply.started":"2024-06-13T11:20:49.217889Z","shell.execute_reply":"2024-06-13T11:20:49.224991Z"},"trusted":true},"execution_count":68,"outputs":[]},{"cell_type":"markdown","source":"## SIFT","metadata":{}},{"cell_type":"code","source":"# def plot_SIFT_score(images_data, index_array):\n#     sift = cv2.SIFT_create()\n#     search_params = dict(checks=40)\n#     index_params = dict(algorithm=1, trees=5)\n#     matcher = cv2.FlannBasedMatcher(index_params, search_params)\n    \n#     MATCH_RATIO = 0.75\n#     all_keypoints = []\n#     all_descriptors = []\n\n#     for image in images_data:\n#         keypoints, descriptors = sift.detectAndCompute(image, None)\n#         all_keypoints.append(keypoints), all_descriptors.append(descriptors)\n    \n#     num_images = len(images_data)\n#     confusion_matrix = np.zeros((num_images, num_images))\n\n#     for i in range(num_images):\n#         for j in range(num_images):\n#             matches = matcher.knnMatch(all_descriptors[i], all_descriptors[j], k=2)\n            \n#             good_matches = []\n#             for m, n in matches:\n#                 if m.distance < MATCH_RATIO * n.distance:\n#                     good_matches.append(m)\n\n#             confusion_matrix[i, j] = len(matches) / min(\n#                 len(all_descriptors[i]), \n#                 len(all_descriptors[j]),\n#             )\n            \n#             confusion_matrix[i, j] = len(good_matches) / len(all_descriptors[i])\n\n#     df_confusion_matrix = pd.DataFrame(confusion_matrix, \n#                                        index=index_array, \n#                                        columns=index_array)\n#     return df_confusion_matrix\n\n# indexes = [path.split('/')[-1] for path in filepaths]\n# plot_SIFT_score(skeletons, indexes)","metadata":{"jupyter":{"source_hidden":true},"execution":{"iopub.status.busy":"2024-06-13T11:20:49.228158Z","iopub.execute_input":"2024-06-13T11:20:49.229019Z","iopub.status.idle":"2024-06-13T11:20:49.243965Z","shell.execute_reply.started":"2024-06-13T11:20:49.228949Z","shell.execute_reply":"2024-06-13T11:20:49.242947Z"},"trusted":true},"execution_count":69,"outputs":[]},{"cell_type":"markdown","source":"### Image Contour Matching","metadata":{}},{"cell_type":"code","source":"def compare_images_contour(img1, img2):\n    contours1, _ = cv2.findContours(img1, cv2.RETR_EXTERNAL, cv2.CHAIN_APPROX_SIMPLE)\n    contours2, _ = cv2.findContours(img2, cv2.RETR_EXTERNAL, cv2.CHAIN_APPROX_SIMPLE)\n    \n    if contours1 and contours2:\n        match_score = cv2.matchShapes(contours1[0], contours2[0], cv2.CONTOURS_MATCH_I1, 0.0)\n        return 1 - match_score  # Lower score means higher similarity\n    return 0\n\ndef plot_contours_similarity_score(images_data, index_array):\n    num_images = len(images_data)\n    confusion_matrix = np.zeros((num_images, num_images))\n\n    for i in range(num_images):\n        for j in range(num_images):\n\n            similarity = compare_images_contour(images_data[i], images_data[j])\n\n            confusion_matrix[i, j] = similarity\n\n    df_confusion_matrix = pd.DataFrame(confusion_matrix, \n                                       index=index_array, \n                                       columns=index_array)\n    return df_confusion_matrix","metadata":{"execution":{"iopub.status.busy":"2024-06-13T11:20:49.245555Z","iopub.execute_input":"2024-06-13T11:20:49.245872Z","iopub.status.idle":"2024-06-13T11:20:49.259352Z","shell.execute_reply.started":"2024-06-13T11:20:49.245847Z","shell.execute_reply":"2024-06-13T11:20:49.258053Z"},"trusted":true},"execution_count":70,"outputs":[]},{"cell_type":"code","source":"indexes = [path.split('/')[-1] for path in filepaths]\nplot_contours_similarity_score(processed, range(len(processed)))","metadata":{"execution":{"iopub.status.busy":"2024-06-13T11:20:49.260881Z","iopub.execute_input":"2024-06-13T11:20:49.261806Z","iopub.status.idle":"2024-06-13T11:20:49.299719Z","shell.execute_reply.started":"2024-06-13T11:20:49.261764Z","shell.execute_reply":"2024-06-13T11:20:49.298636Z"},"trusted":true},"execution_count":71,"outputs":[{"execution_count":71,"output_type":"execute_result","data":{"text/plain":"          0         1         2         3         4         5         6   \\\n0   1.000000  0.970627  0.872448  0.478815  0.583269  0.954966  0.954817   \n1   0.970627  1.000000  0.859270  0.464289  0.554107  0.936857  0.926545   \n2   0.872448  0.859270  1.000000  0.588694  0.678512  0.829370  0.917631   \n3   0.478815  0.464289  0.588694  1.000000  0.895319  0.435738  0.523998   \n4   0.583269  0.554107  0.678512  0.895319  1.000000  0.540419  0.627562   \n5   0.954966  0.936857  0.829370  0.435738  0.540419  1.000000  0.911740   \n6   0.954817  0.926545  0.917631  0.523998  0.627562  0.911740  1.000000   \n7   0.924662  0.925941  0.797111  0.403478  0.508159  0.967740  0.879480   \n8   0.793017  0.806023  0.674118  0.284918  0.385824  0.831212  0.749177   \n9   0.838230  0.851408  0.710678  0.317045  0.421727  0.881308  0.793047   \n10  0.875616  0.884296  0.748064  0.354431  0.459112  0.918694  0.830433   \n\n          7         8         9         10  \n0   0.924662  0.793017  0.838230  0.875616  \n1   0.925941  0.806023  0.851408  0.884296  \n2   0.797111  0.674118  0.710678  0.748064  \n3   0.403478  0.284918  0.317045  0.354431  \n4   0.508159  0.385824  0.421727  0.459112  \n5   0.967740  0.831212  0.881308  0.918694  \n6   0.879480  0.749177  0.793047  0.830433  \n7   1.000000  0.861176  0.913568  0.950953  \n8   0.861176  1.000000  0.943625  0.909086  \n9   0.913568  0.943625  1.000000  0.955695  \n10  0.950953  0.909086  0.955695  1.000000  ","text/html":"<div>\n<style scoped>\n    .dataframe tbody tr th:only-of-type {\n        vertical-align: middle;\n    }\n\n    .dataframe tbody tr th {\n        vertical-align: top;\n    }\n\n    .dataframe thead th {\n        text-align: right;\n    }\n</style>\n<table border=\"1\" class=\"dataframe\">\n  <thead>\n    <tr style=\"text-align: right;\">\n      <th></th>\n      <th>0</th>\n      <th>1</th>\n      <th>2</th>\n      <th>3</th>\n      <th>4</th>\n      <th>5</th>\n      <th>6</th>\n      <th>7</th>\n      <th>8</th>\n      <th>9</th>\n      <th>10</th>\n    </tr>\n  </thead>\n  <tbody>\n    <tr>\n      <th>0</th>\n      <td>1.000000</td>\n      <td>0.970627</td>\n      <td>0.872448</td>\n      <td>0.478815</td>\n      <td>0.583269</td>\n      <td>0.954966</td>\n      <td>0.954817</td>\n      <td>0.924662</td>\n      <td>0.793017</td>\n      <td>0.838230</td>\n      <td>0.875616</td>\n    </tr>\n    <tr>\n      <th>1</th>\n      <td>0.970627</td>\n      <td>1.000000</td>\n      <td>0.859270</td>\n      <td>0.464289</td>\n      <td>0.554107</td>\n      <td>0.936857</td>\n      <td>0.926545</td>\n      <td>0.925941</td>\n      <td>0.806023</td>\n      <td>0.851408</td>\n      <td>0.884296</td>\n    </tr>\n    <tr>\n      <th>2</th>\n      <td>0.872448</td>\n      <td>0.859270</td>\n      <td>1.000000</td>\n      <td>0.588694</td>\n      <td>0.678512</td>\n      <td>0.829370</td>\n      <td>0.917631</td>\n      <td>0.797111</td>\n      <td>0.674118</td>\n      <td>0.710678</td>\n      <td>0.748064</td>\n    </tr>\n    <tr>\n      <th>3</th>\n      <td>0.478815</td>\n      <td>0.464289</td>\n      <td>0.588694</td>\n      <td>1.000000</td>\n      <td>0.895319</td>\n      <td>0.435738</td>\n      <td>0.523998</td>\n      <td>0.403478</td>\n      <td>0.284918</td>\n      <td>0.317045</td>\n      <td>0.354431</td>\n    </tr>\n    <tr>\n      <th>4</th>\n      <td>0.583269</td>\n      <td>0.554107</td>\n      <td>0.678512</td>\n      <td>0.895319</td>\n      <td>1.000000</td>\n      <td>0.540419</td>\n      <td>0.627562</td>\n      <td>0.508159</td>\n      <td>0.385824</td>\n      <td>0.421727</td>\n      <td>0.459112</td>\n    </tr>\n    <tr>\n      <th>5</th>\n      <td>0.954966</td>\n      <td>0.936857</td>\n      <td>0.829370</td>\n      <td>0.435738</td>\n      <td>0.540419</td>\n      <td>1.000000</td>\n      <td>0.911740</td>\n      <td>0.967740</td>\n      <td>0.831212</td>\n      <td>0.881308</td>\n      <td>0.918694</td>\n    </tr>\n    <tr>\n      <th>6</th>\n      <td>0.954817</td>\n      <td>0.926545</td>\n      <td>0.917631</td>\n      <td>0.523998</td>\n      <td>0.627562</td>\n      <td>0.911740</td>\n      <td>1.000000</td>\n      <td>0.879480</td>\n      <td>0.749177</td>\n      <td>0.793047</td>\n      <td>0.830433</td>\n    </tr>\n    <tr>\n      <th>7</th>\n      <td>0.924662</td>\n      <td>0.925941</td>\n      <td>0.797111</td>\n      <td>0.403478</td>\n      <td>0.508159</td>\n      <td>0.967740</td>\n      <td>0.879480</td>\n      <td>1.000000</td>\n      <td>0.861176</td>\n      <td>0.913568</td>\n      <td>0.950953</td>\n    </tr>\n    <tr>\n      <th>8</th>\n      <td>0.793017</td>\n      <td>0.806023</td>\n      <td>0.674118</td>\n      <td>0.284918</td>\n      <td>0.385824</td>\n      <td>0.831212</td>\n      <td>0.749177</td>\n      <td>0.861176</td>\n      <td>1.000000</td>\n      <td>0.943625</td>\n      <td>0.909086</td>\n    </tr>\n    <tr>\n      <th>9</th>\n      <td>0.838230</td>\n      <td>0.851408</td>\n      <td>0.710678</td>\n      <td>0.317045</td>\n      <td>0.421727</td>\n      <td>0.881308</td>\n      <td>0.793047</td>\n      <td>0.913568</td>\n      <td>0.943625</td>\n      <td>1.000000</td>\n      <td>0.955695</td>\n    </tr>\n    <tr>\n      <th>10</th>\n      <td>0.875616</td>\n      <td>0.884296</td>\n      <td>0.748064</td>\n      <td>0.354431</td>\n      <td>0.459112</td>\n      <td>0.918694</td>\n      <td>0.830433</td>\n      <td>0.950953</td>\n      <td>0.909086</td>\n      <td>0.955695</td>\n      <td>1.000000</td>\n    </tr>\n  </tbody>\n</table>\n</div>"},"metadata":{}}]},{"cell_type":"markdown","source":"### ORB (Oriented Fast and Rotation Brief) Matching","metadata":{}},{"cell_type":"code","source":"\ndef plot_orb_similarity_score(images_data, index_array):\n    num_images = len(images_data)\n    confusion_matrix = np.zeros((num_images, num_images))\n\n    for i in range(num_images):\n        for j in range(num_images):\n\n            similarity = compare_images_orb(images_data[i], images_data[j])\n\n            confusion_matrix[i, j] = similarity\n\n    df_confusion_matrix = pd.DataFrame(confusion_matrix, \n                                       index=index_array, \n                                       columns=index_array)\n    return df_confusion_matrix\n\nplot_orb_similarity_score(processed, range(len(processed)))","metadata":{"execution":{"iopub.status.busy":"2024-06-13T11:20:49.301228Z","iopub.execute_input":"2024-06-13T11:20:49.301583Z","iopub.status.idle":"2024-06-13T11:20:49.687791Z","shell.execute_reply.started":"2024-06-13T11:20:49.301555Z","shell.execute_reply":"2024-06-13T11:20:49.686748Z"},"trusted":true},"execution_count":72,"outputs":[{"execution_count":72,"output_type":"execute_result","data":{"text/plain":"          0         1         2         3         4         5         6   \\\n0   1.000000  0.373494  0.361446  0.060241  0.024096  0.322581  0.363636   \n1   0.373494  1.000000  0.551282  0.064103  0.025641  0.322581  0.295455   \n2   0.361446  0.551282  1.000000  0.066667  0.026667  0.247312  0.261364   \n3   0.060241  0.064103  0.066667  1.000000  0.200000  0.064516  0.079545   \n4   0.024096  0.025641  0.026667  0.200000  1.000000  0.021505  0.022727   \n5   0.322581  0.322581  0.247312  0.064516  0.021505  1.000000  0.505376   \n6   0.363636  0.295455  0.261364  0.079545  0.022727  0.505376  1.000000   \n7   0.358696  0.304348  0.304348  0.065217  0.021739  0.559140  0.500000   \n8   0.428571  0.452381  0.345238  0.095238  0.023810  0.333333  0.250000   \n9   0.421687  0.419753  0.382716  0.074074  0.024691  0.311828  0.363636   \n10  0.400000  0.400000  0.284211  0.052632  0.021053  0.389474  0.336842   \n\n          7         8         9         10  \n0   0.358696  0.428571  0.421687  0.400000  \n1   0.304348  0.452381  0.419753  0.400000  \n2   0.304348  0.345238  0.382716  0.284211  \n3   0.065217  0.095238  0.074074  0.052632  \n4   0.021739  0.023810  0.024691  0.021053  \n5   0.559140  0.333333  0.311828  0.389474  \n6   0.500000  0.250000  0.363636  0.336842  \n7   1.000000  0.326087  0.326087  0.305263  \n8   0.326087  1.000000  0.559524  0.494737  \n9   0.326087  0.559524  1.000000  0.526316  \n10  0.305263  0.494737  0.526316  1.000000  ","text/html":"<div>\n<style scoped>\n    .dataframe tbody tr th:only-of-type {\n        vertical-align: middle;\n    }\n\n    .dataframe tbody tr th {\n        vertical-align: top;\n    }\n\n    .dataframe thead th {\n        text-align: right;\n    }\n</style>\n<table border=\"1\" class=\"dataframe\">\n  <thead>\n    <tr style=\"text-align: right;\">\n      <th></th>\n      <th>0</th>\n      <th>1</th>\n      <th>2</th>\n      <th>3</th>\n      <th>4</th>\n      <th>5</th>\n      <th>6</th>\n      <th>7</th>\n      <th>8</th>\n      <th>9</th>\n      <th>10</th>\n    </tr>\n  </thead>\n  <tbody>\n    <tr>\n      <th>0</th>\n      <td>1.000000</td>\n      <td>0.373494</td>\n      <td>0.361446</td>\n      <td>0.060241</td>\n      <td>0.024096</td>\n      <td>0.322581</td>\n      <td>0.363636</td>\n      <td>0.358696</td>\n      <td>0.428571</td>\n      <td>0.421687</td>\n      <td>0.400000</td>\n    </tr>\n    <tr>\n      <th>1</th>\n      <td>0.373494</td>\n      <td>1.000000</td>\n      <td>0.551282</td>\n      <td>0.064103</td>\n      <td>0.025641</td>\n      <td>0.322581</td>\n      <td>0.295455</td>\n      <td>0.304348</td>\n   